9.775510204081632182e-01 9.859030837004405523e-01 9.467054263565891636e-01 9.673267326732672977e-01 9.745417515274948927e-01 9.495515695067264783e-01 9.592901878914404934e-01 9.464980544747081392e-01 9.476386036960985360e-01 9.127849355797819086e-01
9.806122448979591733e-01 9.859030837004405523e-01 9.612403100775194220e-01 9.396039603960395503e-01 9.429735234215885775e-01 9.484304932735425631e-01 9.686847599164927214e-01 9.610894941634241517e-01 9.301848049281313813e-01 9.444995044598611944e-01
9.836734693877551283e-01 9.814977973568281833e-01 9.418604651162790775e-01 9.514851485148514421e-01 9.368635437881873695e-01 9.506726457399102825e-01 9.540709812108559840e-01 9.426070038910505655e-01 9.486652977412730614e-01 9.563924677898909543e-01
9.795918367346938549e-01 9.876651982378854555e-01 9.370155038759689914e-01 9.663366336633663067e-01 9.175152749490834703e-01 8.609865470852018365e-01 9.540709812108559840e-01 9.416342412451361721e-01 9.219712525667350667e-01 9.484638255698711884e-01
9.816326530612244916e-01 9.876651982378854555e-01 9.496124031007752153e-01 9.633663366336633338e-01 8.869653767820774304e-01 8.441704035874439960e-01 9.352818371607515280e-01 9.533073929961090043e-01 8.942505133470225465e-01 9.326065411298315455e-01
9.775510204081632182e-01 9.859030837004405523e-01 9.418604651162790775e-01 9.603960396039603609e-01 9.276985743380855576e-01 9.338565022421524420e-01 9.300626304801670186e-01 9.426070038910505655e-01 8.829568788501026555e-01 9.028741328047571457e-01
9.887755102040816091e-01 9.806167400881057317e-01 9.215116279069767158e-01 9.237623762376238057e-01 9.531568228105906648e-01 8.800448430493273966e-01 9.488517745302713635e-01 9.270428015564202706e-01 8.778234086242300283e-01 9.157581764122894041e-01
9.816326530612244916e-01 9.665198237885462840e-01 9.156976744186046124e-01 9.356435643564356974e-01 9.511201629327902252e-01 8.374439461883408375e-01 9.561586638830897877e-01 9.095330739299610778e-01 8.439425051334702443e-01 8.850346878097126169e-01
9.857142857142857650e-01 9.718061674008811046e-01 9.069767441860464574e-01 9.267326732673267786e-01 8.981670061099796820e-01 8.385650224215246418e-01 9.248434237995825091e-01 9.387159533073929918e-01 8.326488706365503534e-01 8.979187314172447643e-01
9.806122448979591733e-01 9.762114537444933626e-01 8.643410852713178105e-01 9.178217821782178598e-01 8.523421588594705112e-01 8.127802690582959233e-01 9.311064718162839204e-01 8.978599221789883567e-01 7.412731006160164782e-01 9.058473736372646412e-01
